1270,4
4294967294,126
4294967294,492
4294967294,127
4294967294,18
4294967294,12
1282,4
1269,4
1266,4
1266,5
1272,4
4294967278,326
4294967279,559
4294967278,376
4294967279,174
4294967279,558
4294967278,144
4294967279,140
3282,4
3282,3
3282,2
3282,1
4294967278,324
4294967294,182
4294967294,916
4294967294,163
4294967279,261
3281,6
3281,5
3281,4
3281,3
3281,2
3281,1
4294967278,321
4294967278,320
4294967279,557
4294967294,920
4294967279,556
4294967278,318
4294967278,236
3278,5
3278,4
4294967278,234
3278,3
3278,2
3278,1
4294967294,1420
4294967278,390
4294967294,1421
4294967278,212
3276,6
3276,5
3276,4
3276,3
3276,2
3276,1
4294967294,450
4294967294,448
4294967294,119
4294967294,457
4294967279,267
4294967278,204
4294967279,365
3273,4
3273,3
3273,2
3273,1
4294967279,382
4294967279,238
4294967278,255
3272,5
3272,4
3272,3
3272,2
3272,1
4294967278,345
3270,4
3270,3
3270,2
3270,1
3269,4
3269,3
3269,2
3269,1
3268,6
3268,5
3268,4
3268,3
3268,2
3268,1
3267,5
3267,4
3267,3
3267,2
3267,1
3266,5
3266,4
3266,3
3266,2
3266,1
4294967279,555
4294967279,142
4294967278,251
3265,5
3265,4
4294967279,138
3265,3
3265,2
3265,1
4294967279,297
4294967294,1413
4294967294,961
4294967294,963
4294967279,554
3263,4
3263,3
3263,2
3263,1
4294967279,265
4294967278,355
4294967278,384
4294967279,331
4294967294,912
4294967294,160
4294967294,410
4294967279,313
4294967279,552
4294967278,391
4294967279,374
4294967294,392
4294967294,114
4294967294,115
4294967279,551
4294967279,218
4294967279,307
4294967279,515
4294967278,339
4294967278,222
4294967278,220
4294967279,550
4294967279,548
3262,4
3262,3
3262,2
3262,1
3261,6
3261,5
3261,4
3261,3
3261,2
3261,1
4294967278,428
3258,5
3258,4
3258,3
3258,2
3258,1
4294967294,908
4294967294,913
4294967294,898
4294967279,530
4294967279,573
4294967294,1422
4294967278,249
4294967279,147
3256,6
4294967278,147
3256,5
3256,4
3256,3
3256,2
3256,1
4294967279,141
4294967279,513
4294967279,272
3253,4
3253,3
3253,2
3253,1
4294967279,280
4294967279,277
4294967294,1423
4294967278,265
3252,5
3252,4
3252,3
3252,2
3252,1
3250,4
3250,3
3250,2
3250,1
3249,4
3249,3
3249,2
3249,1
3248,6
4294967278,248
4294967278,246
3248,5
3248,4
3248,3
3248,2
3248,1
4294967278,283
4294967278,247
3247,5
4294967278,230
3247,4
3247,3
3247,2
3247,1
4294967294,962
4294967294,964
4294967294,966
4294967279,212
3246,5
4294967278,213
3246,4
3246,3
3246,2
3246,1
4294967278,377
4294967294,406
4294967294,177
4294967294,402
4294967294,462
4294967294,455
4294967294,464
4294967294,399
4294967278,208
3245,5
3245,4
3245,3
3245,2
3245,1
4294967278,245
4294967279,363
4294967278,309
4294967278,282
4294967279,198
3243,4
3243,3
3243,2
3243,1
4294967278,243
4294967278,289
4294967278,366
4294967278,256
4294967278,241
4294967278,424
4294967278,233
4294967278,346
4294967278,301
4294967278,174
4294967279,62
4294967279,60
4294967279,58
4294967279,55
4294967279,133
3242,4
3242,3
3242,2
3242,1
4294967279,275
3241,6
4294967278,325
3241,5
4294967279,258
3241,4
3241,2
3241,1
4294967278,239
4294967279,253
4294967278,257
4294967279,311
4294967279,250
4294967278,397
4294967278,238
3238,5
3238,4
3238,3
3238,2
3238,1
4294967278,328
4294967279,231
4294967279,229
4294967279,227
4294967278,311
4294967278,218
4294967279,351
4294967279,215
3236,6
3236,5
4294967278,211
3236,4
3236,2
3236,1
4294967278,207
4294967278,235
4294967279,206
4294967278,205
4294967278,202
4294967278,196
3233,4
3233,3
3233,2
3233,1
4294967279,536
4294967294,183
4294967294,407
4294967294,184
4294967294,919
4294967278,187
4294967278,421
3232,5
3232,4
3232,2
3232,1
4294967278,179
4294967278,178
4294967279,178
3230,4
3230,3
3230,2
3230,1
3229,4
3229,3
3229,2
3229,1
4294967279,171
3228,6
3228,5
3228,4
3228,3
3228,2
3228,1
3227,5
3227,4
3227,3
3227,2
3227,1
4294967278,370
4294967278,292
3226,5
3226,4
3226,3
3226,2
3226,1
4294967279,545
4294967278,294
4294967278,291
3225,5
3225,4
3225,3
3225,2
3225,1
4294967278,139
4294967278,322
3223,4
3223,3
3223,2
3223,1
4294967278,273
4294967294,906
4294967294,1419
4294967279,544
4294967278,272
4294967294,397
4294967294,1416
4294967294,400
4294967294,116
4294967294,387
4294967278,443
4294967279,543
4294967279,336
4294967279,335
4294967279,542
4294967278,223
4294967279,529
4294967279,260
4294967294,10
4294967294,144
4294967294,391
4294967279,524
4294967278,300
4294967279,53
4294967279,52
4294967279,51
4294967279,49
4294967279,48
4294967279,47
4294967279,46
4294967279,45
4294967279,43
4294967279,42
4294967279,40
4294967279,38
4294967279,36
4294967279,34
4294967279,32
4294967279,31
4294967279,29
4294967279,28
4294967279,26
4294967279,22
4294967279,20
4294967279,19
4294967279,18
4294967279,15
4294967279,14
4294967279,11
4294967278,260
4294967279,520
4294967278,253
4294967279,249
4294967279,247
4294967278,244
4294967278,240
4294967278,232
4294967278,373
4294967278,297
4294967279,259
4294967278,203
4294967279,356
4294967278,201
4294967279,195
4294967278,193
3222,4
3222,3
3222,2
3222,1
4294967278,192
4294967278,186
4294967279,186
3221,6
3221,5
3221,4
3221,2
3221,1
4294967278,343
4294967278,296
4294967278,385
4294967278,388
4294967278,347
4294967279,21
4294967279,13
4294967279,10
4294967279,176
4294967279,302
4294967279,172
4294967279,541
4294967278,167
4294967278,219
4294967279,166
4294967279,377
4294967294,965
3218,5
3218,4
3218,3
3218,2
3218,1
4294967294,388
4294967278,217
3216,6
3216,5
3216,4
3216,2
3216,1
4294967278,447
4294967278,215
4294967278,445
4294967278,134
4294967279,538
4294967278,270
3213,4
3213,3
3213,2
3213,1
4294967279,287
4294967279,523
4294967278,264
3212,5
3212,4
3212,2
3212,1
4294967279,567
4294967278,444
4294967279,312
4294967279,309
3210,4
3210,3
3210,2
3210,1
3209,4
3209,3
3209,2
3209,1
4294967279,248
4294967278,242
4294967278,441
3208,6
4294967294,918
4294967294,173
4294967294,901
4294967294,899
4294967279,269
3208,5
3208,4
3208,3
3208,2
3208,1
3207,5
4294967279,223
3207,4
3207,3
3207,2
3207,1
4294967278,440
4294967279,211
3206,5
4294967278,209
3206,4
3206,3
3206,2
3206,1
4294967278,284
3205,5
4294967279,202
3205,4
3205,3
3205,2
3205,1
4294967278,200
4294967278,195
4294967294,493
4294967278,191
3203,4
3203,3
3203,2
3203,1
4294967278,229
4294967279,344
4294967294,390
4294967294,175
4294967278,372
4294967279,537
4294967294,494
4294967278,227
4294967294,389
4294967279,535
4294967278,162
4294967279,160
4294967278,142
4294967278,288
4294967279,279
4294967278,426
4294967278,269
4294967279,337
4294967278,281
3202,4
3202,3
3202,2
3202,1
4294967278,261
4294967278,132
4294967278,131
4294967278,130
4294967278,129
4294967278,128
4294967278,127
4294967278,330
4294967278,123
4294967278,121
4294967278,120
4294967278,119
4294967278,118
4294967278,116
4294967278,115
4294967278,114
4294967278,113
4294967278,109
4294967278,105
4294967278,102
4294967278,101
4294967278,100
4294967278,99
4294967278,95
4294967278,93
4294967278,92
4294967278,91
4294967278,90
4294967278,89
4294967278,87
4294967278,86
4294967278,85
4294967278,84
4294967278,83
4294967278,82
4294967278,81
4294967278,80
4294967278,79
4294967278,78
4294967278,77
4294967278,76
4294967278,75
4294967278,74
4294967278,73
4294967278,72
4294967278,71
4294967278,70
4294967278,432
4294967278,69
4294967278,68
4294967278,67
4294967278,66
4294967278,65
4294967278,64
4294967278,63
4294967279,84
4294967279,82
4294967279,79
4294967279,75
4294967279,74
4294967279,72
4294967279,71
4294967279,69
4294967279,67
4294967279,66
4294967279,64
4294967279,61
4294967279,59
4294967279,57
4294967279,56
4294967279,50
4294967279,25
4294967279,24
4294967279,23
4294967279,16
4294967279,9
4294967279,8
4294967279,7
4294967279,6
4294967279,5
4294967279,4
4294967279,316
4294967279,568
3201,6
3201,5
4294967279,531
3201,4
3201,2
3201,1
4294967278,126
4294967278,117
4294967278,125
4294967279,308
4294967278,124
4294967278,122
4294967278,250
4294967279,245
4294967279,243
4294967278,112
4294967278,103
4294967278,111
4294967278,416
4294967278,110
4294967294,946
4294967294,948
4294967279,221
4294967278,216
3198,5
3198,4
3198,3
3198,2
3198,1
4294967279,217
4294967294,89
4294967294,188
4294967279,553
4294967279,213
4294967279,350
4294967294,436
4294967278,98
4294967294,5
4294967294,50
4294967278,97
4294967278,396
4294967278,96
4294967294,38
4294967294,37
4294967294,45
4294967294,426
4294967294,53
4294967294,52
4294967294,949
4294967294,91
4294967294,88
4294967294,87
4294967294,85
4294967294,84
4294967294,41
4294967294,40
4294967294,36
4294967294,39
4294967294,43
4294967294,416
4294967294,83
4294967294,1418
4294967278,94
4294967278,206
4294967279,204
3196,6
3196,5
3196,4
3196,2
3196,1
4294967279,367
4294967279,197
3193,4
3193,3
3193,2
3193,1
4294967278,172
3192,5
3192,4
3192,2
3192,1
4294967278,171
4294967279,167
3190,4
3190,3
3190,2
3190,1
3189,4
3189,3
3189,2
3189,1
4294967294,191
4294967294,398
4294967294,409
4294967294,411
4294967294,180
4294967294,169
3188,6
4294967278,435
3188,5
3188,4
3188,3
3188,2
3188,1
3187,5
3187,4
3187,3
3187,2
3187,1
4294967279,325
4294967278,141
4294967278,140
3186,5
3186,4
3186,3
3186,2
3186,1
4294967278,231
4294967279,366
4294967278,401
3185,5
3185,4
3185,3
3185,2
3185,1
4294967279,358
4294967278,287
4294967279,281
4294967278,268
4294967278,267
4294967294,170
4294967294,179
3183,4
3183,3
3183,2
3183,1
4294967278,285
4294967279,380
4294967279,357
4294967278,442
4294967294,497
4294967294,46
4294967279,354
4294967279,540
4294967294,495
4294967278,329
4294967294,496
4294967294,68
4294967278,108
4294967278,107
4294967278,106
4294967278,104
4294967278,381
4294967279,239
4294967279,233
4294967279,296
4294967279,208
4294967279,207
4294967278,389
4294967279,362
4294967279,199
3182,4
3182,3
3182,2
3182,1
4294967279,347
4294967278,185
4294967279,546
4294967279,534
4294967279,181
4294967279,177
3181,6
3181,5
3181,4
3181,3
3181,2
3181,1
4294967278,170
4294967278,169
4294967278,168
4294967279,168
4294967279,295
4294967278,221
4294967279,39
4294967279,37
4294967279,35
4294967279,33
4294967279,539
4294967279,17
4294967279,12
4294967279,300
4294967294,423
4294967279,44
4294967278,333
4294967294,420
4294967294,443
4294967294,413
4294967294,384
4294967279,41
4294967278,150
3178,5
4294967278,149
3178,4
3178,3
3178,2
3178,1
4294967279,298
4294967278,145
4294967294,22
4294967278,133
4294967294,1414
4294967278,290
4294967294,972
4294967278,271
3176,6
3176,5
3176,4
3176,3
3176,2
3176,1
4294967278,274
3173,4
3173,3
3173,2
3173,1
4294967278,278
3172,5
3172,4
3172,3
3172,2
3172,1
3170,4
4294967279,241
3170,3
3170,2
3170,1
4294967279,237
4294967279,236
3169,4
3169,3
3169,2
3169,1
4294967279,235
4294967278,228
3168,6
4294967279,345
3168,5
4294967279,219
3168,4
3168,3
3168,2
3168,1
3167,5
4294967278,279
4294967279,360
4294967279,30
3167,4
4294967279,210
3167,3
3167,2
3167,1
4294967279,209
4294967278,427
4294967279,200
3166,5
3166,4
3166,3
3166,2
3166,1
4294967278,439
3165,5
4294967294,909
4294967294,914
3165,4
3165,3
3165,2
3165,1
3164,4
4294967279,187
3164,3
3164,2
3164,1
3163,4
3163,3
3163,2
3163,1
4294967294,903
4294967294,185
4294967294,902
4294967294,0
4294967278,438
4294967278,225
4294967279,353
4294967278,280
4294967278,437
4294967278,436
4294967279,519
4294967279,526
4294967294,2
4294967278,0
4294967279,54
4294967279,565
4294967278,159
4294967278,158
4294967279,157
4294967279,155
4294967278,155
4294967293,131
4294967293,130
4294967293,129
4294967293,128
4294967293,127
4294967293,126
4294967293,125
4294967293,124
4294967293,123
4294967293,122
4294967293,121
4294967293,120
4294967293,119
4294967293,118
4294967293,117
4294967293,116
4294967293,115
4294967293,114
4294967293,113
4294967293,112
4294967293,111
4294967293,110
4294967293,109
4294967293,108
4294967293,107
4294967293,106
4294967293,105
4294967293,104
4294967293,103
4294967293,102
4294967293,101
4294967293,100
4294967293,99
4294967293,98
4294967293,97
4294967293,96
4294967293,95
4294967293,94
4294967293,93
4294967293,92
4294967293,91
4294967293,90
4294967293,89
4294967293,87
4294967293,86
4294967293,85
4294967293,84
4294967293,83
4294967293,82
4294967293,81
4294967293,80
4294967293,79
4294967293,78
4294967293,77
4294967293,76
4294967293,75
4294967293,74
4294967293,73
4294967293,72
4294967293,71
4294967293,70
4294967293,69
4294967293,68
4294967293,67
4294967293,66
4294967293,65
4294967293,64
4294967293,63
4294967293,62
4294967293,61
4294967293,60
4294967293,59
4294967293,58
4294967293,57
4294967293,56
4294967293,55
4294967293,54
4294967293,53
4294967293,52
4294967293,51
4294967293,50
4294967293,49
4294967293,48
4294967293,47
4294967293,46
4294967293,45
4294967293,44
4294967293,43
4294967293,42
4294967293,41
4294967293,40
4294967293,39
4294967293,38
4294967293,37
4294967293,36
4294967293,35
4294967293,34
4294967293,33
4294967293,32
4294967293,31
4294967293,30
4294967293,29
4294967293,28
4294967293,27
4294967293,26
4294967293,25
4294967293,24
4294967293,23
4294967293,22
4294967293,21
4294967293,20
4294967293,19
4294967293,18
4294967293,17
4294967293,16
4294967293,15
4294967293,14
4294967293,13
4294967293,12
4294967293,11
4294967293,10
4294967293,9
4294967293,8
4294967293,7
4294967293,6
4294967293,5
4294967293,4
4294967293,3
4294967278,252
4294967278,293
4294967279,129
4294967279,127
4294967279,120
4294967279,118
4294967279,115
4294967279,113
4294967279,106
4294967279,104
4294967279,103
4294967279,100
4294967279,95
4294967279,94
4294967279,93
4294967279,92
4294967279,91
4294967279,90
4294967279,89
4294967279,87
4294967279,86
4294967279,85
4294967279,330
4294967279,27
4294967278,135
4294967279,364
3162,4
3162,3
3162,2
3162,1
4294967278,405
3161,6
3161,5
3161,4
3161,2
3161,1
4294967278,317
4294967279,125
4294967279,116
4294967279,124
4294967278,316
4294967279,111
4294967279,285
4294967279,102
4294967279,525
4294967279,0
4294967294,412
4294967278,434
4294967279,291
3158,5
3158,4
3158,3
3158,2
3158,1
4294967294,107
0,7
4294967294,17
4294967294,99
4294967294,76
4294967279,97
4294967279,341
4294967294,1
4294967279,522
4294967278,263
4294967279,205
4294967279,203
3156,6
3156,5
4294967279,201
3156,4
3156,2
3156,1
4294967294,81
4294967294,418
4294967278,433
4294967294,1417
4294967294,44
4294967294,950
4294967294,29
4294967294,921
4294967294,28
4294967294,27
4294967294,92
4294967294,90
4294967294,86
4294967294,969
4294967278,350
4294967294,94
4294967294,96
4294967279,191
0,5
4294967278,415
4294967294,8
4294967294,7
4294967294,6
4294967294,93
4294967294,95
4294967294,42
4294967294,67
4294967294,1415
4294967294,51
4294967294,25
4294967294,26
4294967294,82
4294967294,9
3153,4
3153,3
3153,2
3153,1
4294967279,339
4294967279,175
3152,5
3152,4
3152,2
3152,1
4294967278,286
4294967279,126
4294967279,117
4294967279,112
4294967279,169
3150,4
3150,3
3150,2
3150,1
4294967278,163
3149,4
3149,3
3149,2
3149,1
4294967278,160
4294967279,159
4294967279,521
4294967278,410
4294967279,158
3148,6
4294967279,154
4294967279,518
3148,5
3148,4
4294967278,152
3148,3
3148,2
3148,1
4294967278,151
3147,5
4294967278,146
3147,4
3147,3
3147,2
3147,1
4294967279,517
4294967279,139
3146,5
3146,4
3146,3
3146,2
3146,1
4294967278,266
4294967278,276
3145,5
3145,4
3145,3
3145,2
3145,1
4294967279,348
3143,4
3143,3
3143,2
3143,1
4294967279,533
4294967294,178
4294967294,405
4294967294,467
4294967278,259
4294967279,346
4294967279,349
4294967278,383
4294967278,382
4294967279,110
4294967279,101
4294967279,99
4294967279,98
4294967279,96
4294967279,516
4294967279,352
4294967279,128
4294967279,123
4294967279,122
4294967279,121
4294967279,119
4294967279,114
4294967279,109
4294967279,108
4294967279,107
4294967279,105
4294967279,514
4294967278,378
4294967279,342
4294967278,344
4294967279,185
3142,4
3142,3
3142,2
3142,1
4294967279,528
4294967278,181
4294967279,179
4294967278,177
4294967278,175
4294967278,173
4294967279,173
4294967279,170
3141,6
3141,5
3141,4
3141,2
3141,1
4294967278,166
4294967278,165
4294967279,165
4294967279,163
4294967279,162
4294967278,161
4294967279,161
4294967278,157
4294967278,156
4294967294,419
4294967279,151
4294967279,149
3138,5
3138,4
4294967279,146
3138,3
3138,2
3138,1
4294967279,143
4294967278,143
4294967278,138
4294967278,277
4294967278,136
4294967279,135
3136,6
3136,5
3136,4
3136,2
3136,1
4294967278,323
4294967278,430
4294967279,262
4294967278,406
3133,4
3133,3
3133,2
3133,1
4294967278,319
3132,5
3132,4
3132,2
3132,1
4294967279,512
3130,4
3130,3
3130,2
3130,1
3129,4
3129,3
3129,2
3129,1
4294967279,284
4294967278,374
3128,6
3128,5
3128,4
4294967278,214
3128,3
3128,2
3128,1
4294967294,168
4294967294,401
4294967294,162
4294967294,960
4294967294,917
4294967294,910
3127,5
3127,4
3127,3
3127,2
3127,1
3126,5
3126,4
3126,3
3126,2
3126,1
4294967279,194
4294967279,340
3125,5
4294967279,193
3125,4
3125,3
3125,2
3125,1
4294967279,190
4294967279,189
4294967279,319
4294967279,188
4294967279,184
4294967279,183
4294967279,182
3123,4
4294967278,180
3123,3
3123,2
3123,1
4294967278,364
4294967279,180
4294967278,295
4294967279,318
4294967278,429
4294967278,357
4294967278,413
4294967279,317
4294967278,164
4294967279,315
4294967294,11
4294967278,12
4294967278,10
4294967278,7
4294967278,6
4294967278,5
4294967278,4
4294967279,130
4294967279,294
4294967279,322
4294967278,327
4294967279,256
3122,4
3122,3
3122,2
3122,1
4294967278,371
4294967278,47
4294967278,41
4294967278,40
4294967278,39
4294967278,38
4294967278,37
4294967278,36
4294967278,33
4294967278,31
4294967278,30
4294967278,29
4294967278,28
4294967278,27
4294967278,26
4294967278,25
4294967278,24
4294967278,23
4294967278,22
4294967278,21
4294967278,20
4294967278,19
4294967278,18
4294967278,17
4294967278,16
4294967278,15
4294967278,14
4294967278,13
4294967278,11
4294967278,9
4294967278,8
4294967279,132
4294967279,131
4294967279,359
4294967279,2
4294967278,352
3121,6
3121,5
3121,4
3121,3
3121,2
3121,1
4294967279,310
4294967294,385
4294967294,167
4294967294,190
4294967294,458
4294967278,224
4294967279,549
4294967278,298
3118,5
3118,4
3118,3
3118,2
3118,1
3116,6
3116,5
3116,4
3116,3
3116,2
3116,1
4294967278,331
4294967278,423
3113,4
3113,3
3113,2
3113,1
4294967278,176
4294967279,240
4294967278,420
4294967279,305
3112,5
3112,4
3112,3
3112,2
3112,1
4294967279,164
4294967278,419
3110,4
3110,3
3110,2
3110,1
3109,4
3109,3
3109,2
3109,1
4294967279,268
4294967278,369
3108,6
4294967279,148
3108,5
3108,4
3108,3
3108,2
3108,1
4294967279,145
3107,5
3107,4
3107,3
3107,2
3107,1
4294967279,292
4294967279,271
4294967279,270
3106,5
3106,4
4294967279,282
3106,3
3106,2
3106,1
4294967278,407
4294967279,264
3105,5
3105,4
3105,3
3105,2
3105,1
4294967279,257
4294967278,262
4294967279,255
4294967278,2
4294967278,46
4294967278,45
4294967278,44
4294967278,43
4294967278,42
4294967278,35
4294967278,34
4294967278,32
4294967279,254
3103,4
3103,3
3103,2
3103,1
4294967278,312
4294967294,408
4294967294,396
4294967294,465
4294967278,418
4294967279,343
4294967294,393
4294967278,417
4294967279,304
4294967278,425
4294967278,88
4294967278,226
4294967279,303
4294967278,422
4294967279,355
3102,4
3102,3
3102,2
3102,1
4294967279,338
4294967279,569
3101,6
3101,5
3101,4
3101,3
3101,2
3101,1
4294967279,153
4294967278,153
4294967278,365
4294967279,299
4294967279,144
3098,5
3098,4
3098,3
3098,2
3098,1
4294967279,134
3096,6
3096,5
3096,4
3096,3
3096,2
3096,1
3093,4
3093,3
3093,2
3093,1
4294967278,414
4294967278,254
3092,5
3092,4
3092,3
3092,2
3092,1
3090,4
3090,3
3090,2
3090,1
3089,4
3089,3
3089,2
3089,1
3088,6
3088,5
3088,4
3088,3
3088,2
3088,1
3087,5
3087,4
3087,3
3087,2
3087,1
4294967278,197
3086,5
3086,4
3086,3
3086,2
3086,1
4294967279,320
3085,5
4294967278,189
3085,4
4294967278,188
3085,3
3085,2
3085,1
4294967278,184
4294967278,183
3083,4
3083,3
3083,2
3083,1
4294967278,386
4294967294,386
4294967278,412
4294967279,329
4294967278,411
4294967278,62
4294967278,61
4294967278,60
4294967278,59
4294967278,58
4294967278,57
4294967278,56
4294967278,55
4294967278,54
4294967278,53
4294967278,52
4294967278,51
4294967278,50
4294967278,49
4294967278,48
4294967279,83
4294967279,81
4294967279,76
4294967279,73
4294967279,68
4294967279,65
4294967279,88
4294967278,393
4294967278,409
4294967279,80
4294967279,78
4294967279,77
4294967279,70
4294967279,63
4294967279,293
4294967278,375
3082,4
3082,3
3082,2
3082,1
4294967279,332
3081,6
3081,5
3081,4
3081,3
3081,2
3081,1
4294967278,237
4294967279,225
4294967278,404
4294967279,328
4294967278,210
3078,5
3078,4
3078,3
3078,2
3078,1
4294967278,198
4294967279,532
4294967279,381
3076,6
3076,5
4294967279,192
3076,4
3076,3
3076,2
3076,1
4294967278,275
4294967279,232
4294967278,403
4294967278,182
4294967278,402
4294967279,326
4294967278,314
3073,4
3073,3
3073,2
3073,1
4294967279,290
3072,5
3072,4
3072,2
3072,1
4294967294,404
4294967294,189
4294967294,109
3070,4
3070,3
3070,2
3070,1
3069,4
3069,3
3069,2
3069,1
3068,6
4294967278,392
3068,5
3068,4
3068,3
3068,2
3068,1
4294967278,303
4294967278,342
3067,5
3067,4
3067,3
3067,2
3067,1
4294967279,289
4294967278,400
3066,5
3066,4
3066,3
3066,2
3066,1
4294967279,288
4294967278,408
3065,5
3065,4
3065,3
3065,2
3065,1
4294967278,258
4294967279,373
3063,4
3063,3
3063,2
3063,1
4294967278,399
4294967279,220
